#1 
double myTable (1200,3) 
0.0,0.000,0.0
16666.666666666668,0.0005571064814814817,7.716049382716049e-12
33333.333333333336,0.0005586574074074073,3.0864197530864196e-11
50000.0,0.0005602083333333333,6.944444444444445e-11
66666.66666666669,0.0005617592592592594,1.2345679012345679e-10
83333.33333333331,0.0005633101851851851,1.9290123456790127e-10
100000.0,0.0005648611111111111,2.777777777777778e-10
116666.66666666669,0.0005664120370370371,3.780864197530865e-10
133333.33333333337,0.000567962962962963,4.938271604938271e-10
150000.0,0.0005695138888888888,6.25e-10
166666.66666666663,0.0005710648148148147,7.716049382716051e-10
183333.3333333333,0.0005726157407407407,9.33641975308642e-10
200000.0,0.0005741666666666668,1.1111111111111113e-09
216666.66666666672,0.0005757175925925927,1.3040123456790124e-09
233333.33333333328,0.0005772685185185184,1.512345679012346e-09
250000.0,0.0005788194444444445,1.7361111111111115e-09
266666.66666666674,0.0005803703703703705,1.975308641975309e-09
283333.33333333326,0.0005819212962962963,2.2299382716049382e-09
300000.0,0.0005834722222222223,2.5e-09
316666.66666666674,0.0005850231481481481,2.7854938271604945e-09
333333.33333333326,0.0005865740740740741,3.08641975308642e-09
350000.0000000001,0.0005881250000000001,3.402777777777778e-09
366666.66666666674,0.0005896759259259259,3.734567901234568e-09
383333.33333333326,0.0005912268518518519,4.08179012345679e-09
400000.0,0.0005927777777777777,4.444444444444445e-09
416666.66666666657,0.0005943287037037037,4.822530864197532e-09
433333.33333333343,0.0005958796296296298,5.21604938271605e-09
450000.0,0.0005974305555555558,5.625e-09
466666.66666666674,0.0005989814814814816,6.049382716049384e-09
483333.33333333326,0.0006005324074074074,6.489197530864197e-09
500000.0,0.0006020833333333334,6.944444444444446e-09
516666.66666666674,0.0006036342592592593,7.415123456790124e-09
533333.3333333335,0.0006051851851851853,7.901234567901236e-09
550000.0,0.0006067361111111113,8.402777777777777e-09
566666.6666666665,0.0006082870370370371,8.919753086419751e-09
583333.3333333335,0.0006098379629629631,9.452160493827162e-09
600000.0,0.0006113888888888889,1e-08
616666.6666666665,0.0006129398148148149,1.0563271604938275e-08
633333.3333333335,0.0006144907407407408,1.1141975308641978e-08
650000.0,0.0006160416666666666,1.1736111111111113e-08
666666.6666666665,0.0006175925925925928,1.234567901234568e-08
683333.3333333333,0.0006191435185185184,1.2970679012345678e-08
700000.0000000001,0.0006206944444444443,1.3611111111111113e-08
716666.6666666667,0.0006222453703703702,1.4266975308641976e-08
733333.3333333335,0.0006237962962962963,1.4938271604938273e-08
750000.0,0.0006253472222222222,1.5625e-08
766666.6666666665,0.0006268981481481482,1.632716049382716e-08
783333.3333333335,0.0006284490740740741,1.7044753086419756e-08
800000.0,0.0006299999999999999,1.7777777777777784e-08
816666.6666666665,0.000631550925925926,1.8526234567901235e-08
833333.3333333333,0.0006331018518518518,1.9290123456790127e-08
850000.0000000001,0.0006346527777777777,2.006944444444445e-08
866666.6666666667,0.0006362037037037037,2.08641975308642e-08
883333.3333333335,0.0006377546296296298,2.1674382716049386e-08
900000.0,0.0006393055555555556,2.25e-08
916666.6666666665,0.0006408564814814815,2.3341049382716047e-08
933333.3333333335,0.0006424074074074075,2.4197530864197536e-08
950000.0,0.0006439583333333332,2.5069444444444444e-08
966666.6666666665,0.0006455092592592593,2.5956790123456787e-08
983333.3333333331,0.0006470601851851853,2.6859567901234567e-08
1000000.0,0.0006486111111111111,2.7777777777777784e-08
1016666.6666666669,0.0006501620370370371,2.8711419753086425e-08
1033333.3333333335,0.0006517129629629631,2.9660493827160496e-08
1050000.0,0.0006532638888888889,3.0625e-08
1066666.666666667,0.0006548148148148149,3.1604938271604944e-08
1083333.333333333,0.0006563657407407407,3.2600308641975316e-08
1100000.0,0.0006579166666666668,3.361111111111111e-08
1116666.666666667,0.0006594675925925926,3.4637345679012344e-08
1133333.333333333,0.0006610185185185187,3.5679012345679005e-08
1150000.0,0.0006625694444444446,3.673611111111111e-08
1166666.666666667,0.0006641203703703705,3.780864197530865e-08
1183333.333333333,0.0006656712962962963,3.88966049382716e-08
1200000.0,0.0006672222222222223,4e-08
1216666.666666667,0.0006687731481481483,4.111882716049383e-08
1233333.333333333,0.000670324074074074,4.22530864197531e-08
1250000.0,0.0006718750000000001,4.3402777777777786e-08
1266666.666666667,0.000673425925925926,4.456790123456791e-08
1283333.333333333,0.0006749768518518517,4.574845679012347e-08
1300000.0,0.0006765277777777777,4.694444444444446e-08
1316666.6666666665,0.0006780787037037036,4.815586419753086e-08
1333333.333333333,0.0006796296296296296,4.938271604938272e-08
1350000.0,0.0006811805555555556,5.0625000000000005e-08
1366666.6666666665,0.0006827314814814813,5.188271604938271e-08
1383333.333333333,0.0006842824074074074,5.315586419753087e-08
1400000.0000000002,0.0006858333333333334,5.444444444444445e-08
1416666.666666667,0.0006873842592592593,5.574845679012345e-08
1433333.3333333337,0.0006889351851851852,5.7067901234567904e-08
1450000.0,0.0006904861111111112,5.840277777777778e-08
1466666.666666667,0.000692037037037037,5.975308641975309e-08
1483333.3333333337,0.000693587962962963,6.111882716049383e-08
1500000.0,0.0006951388888888889,6.25e-08
1516666.666666667,0.0006966898148148147,6.38966049382716e-08
1533333.333333333,0.0006982407407407407,6.530864197530864e-08
1550000.0,0.0006997916666666668,6.673611111111111e-08
1566666.666666667,0.0007013425925925926,6.817901234567902e-08
1583333.333333333,0.0007028935185185185,6.963734567901234e-08
1600000.0,0.0007044444444444445,7.111111111111113e-08
1616666.6666666663,0.0007059953703703702,7.26003086419753e-08
1633333.333333333,0.0007075462962962964,7.410493827160494e-08
1650000.0,0.0007090972222222224,7.5625e-08
1666666.6666666663,0.0007106481481481483,7.716049382716051e-08
1683333.333333333,0.0007121990740740741,7.871141975308643e-08
1700000.0000000002,0.0007137500000000001,8.02777777777778e-08
1716666.6666666663,0.000715300925925926,8.185956790123457e-08
1733333.3333333337,0.0007168518518518519,8.345679012345681e-08
1750000.0,0.0007184027777777778,8.506944444444444e-08
1766666.666666667,0.0007199537037037037,8.669753086419753e-08
1783333.3333333337,0.0007215046296296298,8.834104938271608e-08
1800000.0,0.0007230555555555557,9e-08
1816666.666666667,0.0007246064814814817,9.16743827160494e-08
1833333.333333333,0.0007261574074074076,9.33641975308642e-08
1850000.0,0.0007277083333333334,9.506944444444443e-08
1866666.666666667,0.0007292592592592592,9.679012345679014e-08
1883333.333333333,0.0007308101851851853,9.852623456790123e-08
1900000.0,0.000732361111111111,1.0027777777777778e-07
1916666.666666667,0.0007339120370370371,1.0204475308641976e-07
1933333.333333333,0.0007354629629629629,1.0382716049382716e-07
1950000.0,0.0007370138888888888,1.0562500000000002e-07
1966666.6666666663,0.0007385648148148148,1.074382716049383e-07
1983333.333333333,0.0007401157407407407,1.0926697530864198e-07
2000000.0,0.0007416666666666666,1.1111111111111114e-07
2016666.6666666663,0.0007432175925925926,1.1297067901234565e-07
2033333.333333333,0.0007447685185185186,1.148456790123457e-07
2050000.0,0.0007463194444444443,1.167361111111111e-07
2066666.666666667,0.0007478703703703702,1.1864197530864198e-07
2083333.333333333,0.0007494212962962963,1.205632716049383e-07
2100000.0,0.0007509722222222223,1.225e-07
2116666.666666666,0.0007525231481481482,1.2445216049382718e-07
2133333.333333333,0.0007540740740740742,1.2641975308641975e-07
2150000.0,0.000755625,1.2840277777777779e-07
2166666.666666666,0.000757175925925926,1.3040123456790127e-07
2183333.333333333,0.0007587268518518518,1.3241512345679008e-07
2200000.0,0.0007602777777777777,1.3444444444444444e-07
2216666.666666667,0.0007618287037037039,1.364891975308642e-07
2233333.333333333,0.0007633796296296298,1.3854938271604938e-07
2250000.0,0.0007649305555555557,1.4062500000000006e-07
2266666.666666666,0.0007664814814814816,1.4271604938271602e-07
2283333.333333333,0.0007680324074074075,1.4482253086419753e-07
2300000.0,0.0007695833333333334,1.4694444444444445e-07
2316666.666666666,0.0007711342592592593,1.490817901234568e-07
2333333.333333333,0.0007726851851851853,1.512345679012346e-07
2350000.0,0.0007742361111111113,1.5340277777777779e-07
2366666.666666666,0.0007757870370370371,1.555864197530864e-07
2383333.333333333,0.0007773379629629629,1.577854938271605e-07
2400000.0,0.0007788888888888889,1.6e-07
2416666.666666666,0.0007804398148148151,1.6222993827160493e-07
2433333.333333333,0.0007819907407407408,1.6447530864197532e-07
2450000.0,0.0007835416666666668,1.6673611111111108e-07
2466666.666666666,0.0007850925925925924,1.690123456790124e-07
2483333.333333333,0.0007866435185185187,1.71304012345679e-07
2500000.0,0.0007881944444444443,1.7361111111111115e-07
2516666.666666666,0.0007897453703703702,1.7593364197530864e-07
2533333.333333333,0.0007912962962962965,1.7827160493827165e-07
2550000.0,0.0007928472222222222,1.80625e-07
2566666.666666666,0.0007943981481481481,1.8299382716049388e-07
2583333.333333333,0.0007959490740740741,1.8537808641975308e-07
2600000.0,0.0007975000000000001,1.8777777777777783e-07
2616666.666666666,0.0007990509259259259,1.9019290123456788e-07
2633333.333333333,0.0008006018518518517,1.9262345679012343e-07
2650000.0,0.0008021527777777777,1.950694444444445e-07
2666666.666666666,0.0008037037037037037,1.9753086419753087e-07
2683333.333333333,0.0008052546296296296,2.0000771604938266e-07
2700000.0,0.0008068055555555557,2.025e-07
2716666.666666666,0.0008083564814814815,2.0500771604938274e-07
2733333.333333333,0.0008099074074074075,2.0753086419753085e-07
2750000.0,0.0008114583333333334,2.1006944444444448e-07
2766666.666666666,0.0008130092592592593,2.1262345679012347e-07
2783333.333333333,0.0008145601851851852,2.1519290123456788e-07
2800000.0000000005,0.0008161111111111112,2.177777777777778e-07
2816666.666666667,0.000817662037037037,2.2037808641975312e-07
2833333.333333333,0.000819212962962963,2.229938271604938e-07
2849999.9999999995,0.0008207638888888892,2.25625e-07
2866666.666666667,0.0008223148148148149,2.2827160493827162e-07
2883333.333333333,0.0008238657407407407,2.309336419753086e-07
2900000.0,0.0008254166666666668,2.3361111111111113e-07
2916666.666666667,0.0008269675925925928,2.3630401234567906e-07
2933333.333333333,0.0008285185185185187,2.3901234567901237e-07
2950000.0,0.0008300694444444444,2.417361111111111e-07
2966666.666666667,0.0008316203703703704,2.444753086419753e-07
2983333.333333333,0.0008331712962962964,2.472299382716049e-07
3000000.0,0.0008347222222222223,2.5e-07
3016666.666666667,0.0008362731481481483,2.527854938271605e-07
3033333.333333333,0.0008378240740740742,2.555864197530864e-07
3050000.0,0.0008393750000000001,2.5840277777777784e-07
3066666.666666666,0.000840925925925926,2.612345679012345e-07
3083333.333333333,0.000842476851851852,2.640817901234568e-07
3100000.0,0.0008440277777777777,2.6694444444444444e-07
3116666.666666666,0.0008455787037037037,2.6982253086419747e-07
3133333.333333333,0.0008471296296296298,2.727160493827161e-07
3150000.0,0.0008486805555555556,2.75625e-07
3166666.666666666,0.0008502314814814816,2.7854938271604936e-07
3183333.333333333,0.0008517824074074075,2.8148919753086425e-07
3200000.0,0.0008533333333333332,2.8444444444444454e-07
3216666.666666666,0.0008548842592592592,2.874151234567901e-07
3233333.333333333,0.0008564351851851852,2.904012345679012e-07
3250000.0,0.0008579861111111111,2.934027777777778e-07
3266666.666666666,0.000859537037037037,2.9641975308641976e-07
3283333.333333333,0.0008610879629629629,2.994521604938271e-07
3300000.0,0.0008626388888888889,3.025e-07
3316666.666666666,0.0008641898148148147,3.055632716049384e-07
3333333.333333333,0.0008657407407407406,3.0864197530864203e-07
3350000.0,0.0008672916666666668,3.117361111111112e-07
3366666.666666666,0.0008688425925925928,3.148456790123457e-07
3383333.333333333,0.0008703935185185185,3.179706790123456e-07
3400000.0000000005,0.0008719444444444445,3.211111111111112e-07
3416666.666666666,0.0008734953703703704,3.24266975308642e-07
3433333.333333333,0.0008750462962962963,3.274382716049383e-07
3449999.9999999995,0.0008765972222222223,3.30625e-07
3466666.666666667,0.0008781481481481482,3.3382716049382724e-07
3483333.333333333,0.0008796990740740742,3.370447530864197e-07
3500000.0,0.0008812500000000002,3.402777777777777e-07
3516666.666666667,0.000882800925925926,3.435262345679013e-07
3533333.333333333,0.000884351851851852,3.467901234567901e-07
3550000.0,0.0008859027777777779,3.500694444444445e-07
3566666.666666667,0.0008874537037037037,3.533641975308643e-07
3583333.333333333,0.0008890046296296297,3.566743827160494e-07
3600000.0,0.0008905555555555557,3.6e-07
3616666.666666667,0.0008921064814814818,3.633410493827161e-07
3633333.333333334,0.0008936574074074075,3.666975308641976e-07
3650000.0,0.0008952083333333336,3.7006944444444435e-07
3666666.666666666,0.0008967592592592591,3.734567901234568e-07
3683333.333333334,0.0008983101851851851,3.768595679012346e-07
3700000.0,0.0008998611111111114,3.8027777777777784e-07
3716666.666666666,0.0009014120370370369,3.837114197530864e-07
3733333.333333334,0.0009029629629629633,3.8716049382716057e-07
3750000.0,0.000904513888888889,3.90625e-07
3766666.666666666,0.0009060648148148148,3.941049382716049e-07
3783333.333333334,0.0009076157407407408,3.976003086419754e-07
3800000.0,0.0009091666666666668,4.011111111111111e-07
3816666.666666666,0.0009107175925925925,4.0463734567901227e-07
3833333.333333334,0.0009122685185185183,4.08179012345679e-07
3850000.0,0.0009138194444444443,4.117361111111111e-07
3866666.666666666,0.0009153703703703703,4.153086419753086e-07
3883333.333333333,0.0009169212962962963,4.1889660493827157e-07
3900000.0,0.0009184722222222221,4.225000000000001e-07
3916666.666666666,0.000920023148148148,4.261188271604938e-07
3933333.333333333,0.000921574074074074,4.2975308641975307e-07
3950000.0,0.000923125,4.3340277777777775e-07
3966666.666666666,0.000924675925925926,4.370679012345679e-07
3983333.333333333,0.0009262268518518519,4.407484567901235e-07
4000000.0,0.0009277777777777779,4.4444444444444454e-07
4016666.666666666,0.0009293287037037037,4.4815586419753093e-07
4033333.333333333,0.0009308796296296297,4.518827160493826e-07
4050000.0000000005,0.0009324305555555557,4.556250000000002e-07
4066666.666666667,0.0009339814814814816,4.593827160493828e-07
4083333.333333334,0.0009355324074074076,4.6315586419753095e-07
4100000.0,0.0009370833333333334,4.669444444444444e-07
4116666.666666667,0.0009386342592592594,4.7074845679012357e-07
4133333.333333334,0.0009401851851851852,4.7456790123456794e-07
4150000.0,0.0009417361111111113,4.784027777777778e-07
4166666.666666667,0.0009432870370370373,4.822530864197532e-07
4183333.333333334,0.0009448379629629633,4.86118827160494e-07
4200000.0,0.0009463888888888886,4.9e-07
4216666.666666667,0.0009479398148148149,4.938966049382717e-07
4233333.333333333,0.0009494907407407409,4.978086419753087e-07
4250000.0,0.0009510416666666668,5.017361111111109e-07
4266666.666666667,0.0009525925925925928,5.056790123456791e-07
4283333.333333333,0.0009541435185185188,5.096373456790124e-07
4300000.0,0.0009556944444444443,5.13611111111111e-07
4316666.666666666,0.0009572453703703703,5.176003086419754e-07
4333333.333333333,0.0009587962962962962,5.216049382716051e-07
4350000.0,0.0009603472222222225,5.25625e-07
4366666.666666666,0.0009618981481481485,5.296604938271603e-07
4383333.333333334,0.0009634490740740745,5.337114197530865e-07
4400000.0,0.000965,5.377777777777778e-07
4416666.666666667,0.0009665509259259259,5.418595679012345e-07
4433333.333333334,0.0009681018518518519,5.459567901234569e-07
4450000.0,0.0009696527777777777,5.500694444444446e-07
4466666.666666667,0.0009712037037037037,5.541975308641975e-07
4483333.333333333,0.0009727546296296297,5.58341049382716e-07
4500000.0,0.0009743055555555556,5.625000000000001e-07
4516666.666666667,0.0009758564814814816,5.666743827160494e-07
4533333.333333333,0.0009774074074074073,5.708641975308641e-07
4550000.0,0.0009789583333333332,5.750694444444446e-07
4566666.666666667,0.000980509259259259,5.792901234567901e-07
4583333.333333333,0.0009820601851851852,5.835262345679012e-07
4600000.0,0.0009836111111111113,5.877777777777778e-07
4616666.666666667,0.000985162037037037,5.920447530864196e-07
4633333.333333333,0.000986712962962963,5.963271604938272e-07
4650000.0,0.000988263888888889,6.006250000000002e-07
4666666.666666667,0.0009898148148148151,6.049382716049384e-07
4683333.333333333,0.000991365740740741,6.09266975308642e-07
4700000.0,0.000992916666666667,6.13611111111111e-07
4716666.666666667,0.0009944675925925926,6.179706790123457e-07
4733333.333333333,0.0009960185185185187,6.223456790123456e-07
4750000.0,0.0009975694444444446,6.26736111111111e-07
4766666.666666667,0.0009991203703703703,6.31141975308642e-07
4783333.333333333,0.0010006712962962964,6.355632716049383e-07
4800000.0,0.0010022222222222225,6.4e-07
4816666.666666667,0.0010037731481481482,6.444521604938271e-07
4833333.333333333,0.001005324074074074,6.489197530864197e-07
4850000.0,0.001006875,6.534027777777778e-07
4866666.666666667,0.001008425925925926,6.579012345679013e-07
4883333.333333333,0.001009976851851852,6.624151234567903e-07
4900000.0,0.0010115277777777779,6.669444444444443e-07
4916666.666666666,0.0010130787037037038,6.714891975308643e-07
4933333.333333333,0.0010146296296296296,6.760493827160496e-07
4950000.0,0.0010161805555555558,6.80625e-07
4966666.666666666,0.0010177314814814814,6.85216049382716e-07
4983333.333333334,0.0010192824074074076,6.898225308641976e-07
5000000.0,0.0010208333333333334,6.944444444444446e-07
5016666.666666667,0.0010223842592592591,6.990817901234571e-07
5033333.333333333,0.0010239351851851852,7.037345679012345e-07
5050000.0,0.0010254861111111113,7.084027777777778e-07
5066666.666666667,0.0010270370370370372,7.130864197530866e-07
5083333.333333333,0.0010285879629629631,7.177854938271604e-07
5100000.0,0.0010301388888888886,7.225e-07
5116666.666666667,0.0010316898148148151,7.27229938271605e-07
5133333.333333333,0.0010332407407407408,7.319753086419753e-07
5150000.0,0.0010347916666666667,7.36736111111111e-07
5166666.666666667,0.0010363425925925928,7.415123456790123e-07
5183333.333333333,0.0010378935185185183,7.463040123456789e-07
5200000.0,0.0010394444444444446,7.511111111111113e-07
5216666.666666666,0.0010409953703703703,7.559336419753087e-07
5233333.333333333,0.0010425462962962962,7.607716049382715e-07
5250000.0,0.0010440972222222225,7.65625e-07
5266666.666666666,0.0010456481481481482,7.704938271604937e-07
5283333.333333333,0.001047199074074074,7.753780864197529e-07
5300000.0,0.0010487500000000002,7.80277777777778e-07
5316666.666666666,0.0010503009259259259,7.85192901234568e-07
5333333.333333333,0.001051851851851852,7.901234567901235e-07
5350000.0,0.0010534027777777779,7.950694444444446e-07
5366666.666666666,0.0010549537037037038,8.000308641975306e-07
5383333.333333333,0.0010565046296296297,8.050077160493828e-07
5400000.0,0.0010580555555555556,8.100000000000002e-07
5416666.666666666,0.0010596064814814817,8.150077160493827e-07
5433333.333333333,0.0010611574074074074,8.20030864197531e-07
5450000.0,0.0010627083333333337,8.250694444444446e-07
5466666.666666666,0.0010642592592592592,8.301234567901234e-07
5483333.333333333,0.001065810185185185,8.351929012345678e-07
5500000.0,0.0010673611111111114,8.402777777777777e-07
5516666.666666666,0.0010689120370370368,8.45378086419753e-07
5533333.333333333,0.0010704629629629632,8.504938271604939e-07
5550000.000000001,0.001072013888888889,8.556250000000002e-07
5566666.666666666,0.0010735648148148147,8.607716049382715e-07
5583333.333333333,0.0010751157407407408,8.659336419753088e-07
5600000.000000001,0.0010766666666666667,8.711111111111112e-07
5616666.666666666,0.0010782175925925926,8.763040123456789e-07
5633333.333333334,0.0010797685185185188,8.815123456790125e-07
5649999.999999999,0.0010813194444444444,8.867361111111109e-07
5666666.666666668,0.0010828703703703703,8.919753086419752e-07
5683333.333333334,0.0010844212962962962,8.972299382716051e-07
5699999.999999999,0.0010859722222222225,9.025e-07
5716666.666666668,0.0010875231481481482,9.077854938271604e-07
5733333.333333334,0.0010890740740740741,9.130864197530865e-07
5750000.0,0.001090625,9.184027777777777e-07
5766666.666666668,0.001092175925925926,9.237345679012345e-07
5783333.333333334,0.001093726851851852,9.29081790123457e-07
5800000.0,0.0010952777777777775,9.344444444444445e-07
5816666.666666668,0.0010968287037037038,9.398225308641977e-07
5833333.333333334,0.0010983796296296297,9.452160493827162e-07
5850000.0,0.0010999305555555556,9.50625e-07
5866666.666666668,0.0011014814814814817,9.560493827160495e-07
5883333.333333334,0.0011030324074074076,9.614891975308643e-07
5900000.0,0.0011045833333333333,9.669444444444444e-07
5916666.666666668,0.0011061342592592594,9.724151234567902e-07
5933333.333333334,0.001107685185185185,9.779012345679013e-07
5950000.0,0.0011092361111111114,9.834027777777778e-07
5966666.666666668,0.0011107870370370369,9.889197530864195e-07
5983333.333333334,0.0011123379629629632,9.944521604938273e-07
6000000.0,0.0011138888888888887,1e-06
6016666.666666668,0.001115439814814815,1.005563271604938e-06
6033333.333333334,0.0011169907407407409,1.011141975308642e-06
6050000.0,0.0011185416666666666,1.0167361111111108e-06
6066666.666666668,0.0011200925925925927,1.0223456790123457e-06
6083333.333333332,0.0011216435185185186,1.0279706790123457e-06
6100000.0,0.0011231944444444442,1.0336111111111114e-06
6116666.666666668,0.0011247453703703708,1.0392669753086422e-06
6133333.333333332,0.001126296296296296,1.0449382716049382e-06
6150000.0,0.0011278472222222221,1.050625e-06
6166666.666666668,0.0011293981481481485,1.0563271604938272e-06
6183333.333333332,0.001130949074074074,1.0620447530864196e-06
6200000.0,0.0011325000000000007,1.0677777777777778e-06
6216666.666666668,0.0011340509259259262,1.0735262345679011e-06
6233333.333333332,0.0011356018518518518,1.0792901234567899e-06
6250000.0,0.0011371527777777775,1.0850694444444444e-06
6266666.666666668,0.0011387037037037036,1.0908641975308644e-06
6283333.333333332,0.0011402546296296295,1.096674382716049e-06
6300000.0,0.0011418055555555554,1.1025e-06
6316666.666666668,0.0011433564814814815,1.108341049382716e-06
6333333.333333332,0.0011449074074074074,1.1141975308641974e-06
6350000.0,0.001146458333333333,1.1200694444444445e-06
6366666.666666668,0.0011480092592592592,1.125956790123457e-06
6383333.333333332,0.0011495601851851849,1.1318595679012345e-06
6400000.0,0.0011511111111111114,1.1377777777777782e-06
6416666.666666668,0.0011526620370370373,1.1437114197530864e-06
6433333.333333332,0.0011542129629629628,1.1496604938271604e-06
6450000.0,0.0011557638888888891,1.1556250000000005e-06
6466666.666666666,0.0011573148148148148,1.1616049382716049e-06
6483333.333333332,0.0011588657407407411,1.1676003086419753e-06
6500000.0,0.0011604166666666668,1.1736111111111113e-06
6516666.666666666,0.0011619675925925925,1.179637345679012e-06
6533333.333333332,0.0011635185185185186,1.185679012345679e-06
6550000.0,0.0011650694444444445,1.1917361111111112e-06
6566666.666666666,0.0011666203703703706,1.1978086419753084e-06
6583333.333333332,0.0011681712962962965,1.2038966049382715e-06
6600000.0,0.0011697222222222224,1.21e-06
6616666.666666666,0.001171273148148148,1.2161188271604936e-06
6633333.333333332,0.001172824074074074,1.2222530864197531e-06
6650000.0,0.001174375,1.228402777777778e-06
6666666.666666666,0.001175925925925926,1.2345679012345681e-06
6683333.333333332,0.0011774768518518519,1.2407484567901236e-06
6700000.0,0.001179027777777778,1.246944444444445e-06
6716666.666666666,0.0011805787037037034,1.2531558641975307e-06
6733333.333333332,0.0011821296296296298,1.2593827160493828e-06
6750000.0,0.0011836805555555554,1.265625e-06
6766666.666666666,0.0011852314814814816,1.2718827160493825e-06
6783333.333333332,0.0011867824074074074,1.278155864197531e-06
6800000.000000001,0.0011883333333333336,1.2844444444444448e-06
6816666.666666666,0.0011898842592592592,1.2907484567901236e-06
6833333.333333332,0.0011914351851851851,1.297067901234568e-06
6850000.000000001,0.0011929861111111112,1.3034027777777782e-06
6866666.666666666,0.0011945370370370374,1.3097530864197531e-06
6883333.333333334,0.001196087962962963,1.316118827160494e-06
6899999.999999999,0.0011976388888888894,1.3224999999999998e-06
6916666.666666668,0.0011991898148148148,1.3288966049382716e-06
6933333.333333334,0.0012007407407407407,1.335308641975309e-06
6949999.999999999,0.0012022916666666668,1.3417361111111108e-06
6966666.666666668,0.0012038425925925927,1.3481790123456792e-06
6983333.333333334,0.0012053935185185186,1.3546373456790123e-06
7000000.0,0.0012069444444444445,1.361111111111111e-06
7016666.666666668,0.0012084953703703704,1.3676003086419753e-06
7033333.333333334,0.0012100462962962965,1.3741049382716052e-06
7050000.0,0.0012115972222222222,1.380625e-06
7066666.666666668,0.0012131481481481485,1.3871604938271605e-06
7083333.333333334,0.0012146990740740744,1.3937114197530865e-06
7100000.0,0.00121625,1.400277777777778e-06
7116666.666666668,0.001217800925925926,1.4068595679012344e-06
7133333.333333334,0.0012193518518518519,1.4134567901234572e-06
7150000.0,0.001220902777777778,1.4200694444444444e-06
7166666.666666668,0.001222453703703704,1.4266975308641976e-06
7183333.333333334,0.0012240046296296298,1.4333410493827162e-06
7200000.0,0.0012255555555555555,1.44e-06
7216666.666666668,0.0012271064814814814,1.4466743827160498e-06
7233333.333333334,0.0012286574074074075,1.4533641975308643e-06
7250000.0,0.0012302083333333336,1.4600694444444447e-06
7266666.666666668,0.0012317592592592593,1.4667901234567904e-06
7283333.333333334,0.0012333101851851852,1.4735262345679015e-06
7300000.0,0.0012348611111111108,1.4802777777777774e-06
7316666.666666668,0.001236412037037037,1.48704475308642e-06
7333333.333333332,0.001237962962962963,1.4938271604938268e-06
7350000.0,0.001239513888888889,1.500625e-06
7366666.666666668,0.001241064814814815,1.5074382716049384e-06
7383333.333333332,0.0012426157407407405,1.5142669753086419e-06
7400000.0,0.0012441666666666664,1.5211111111111113e-06
7416666.666666668,0.0012457175925925928,1.5279706790123458e-06
7433333.333333332,0.0012472685185185186,1.5348456790123456e-06
7450000.0,0.0012488194444444448,1.5417361111111108e-06
7466666.666666668,0.0012503703703703707,1.5486419753086425e-06
7483333.333333332,0.0012519212962962961,1.5555632716049385e-06
7500000.0,0.0012534722222222222,1.5625e-06
7516666.666666668,0.0012550231481481481,1.5694521604938275e-06
7533333.333333332,0.0012565740740740742,1.5764197530864196e-06
7550000.0,0.001258125,1.5834027777777778e-06
7566666.666666668,0.0012596759259259258,1.5904012345679016e-06
7583333.333333332,0.001261226851851852,1.59741512345679e-06
7600000.0,0.0012627777777777778,1.6044444444444444e-06
7616666.666666668,0.001264328703703704,1.6114891975308648e-06
7633333.333333332,0.0012658796296296294,1.618549382716049e-06
7650000.0,0.0012674305555555555,1.625625e-06
7666666.666666668,0.0012689814814814814,1.632716049382716e-06
7683333.333333332,0.0012705324074074075,1.6398225308641976e-06
7700000.0,0.0012720833333333336,1.6469444444444445e-06
7716666.666666666,0.001273634259259259,1.654081790123457e-06
7733333.333333332,0.0012751851851851852,1.6612345679012344e-06
7750000.0,0.0012767361111111113,1.668402777777778e-06
7766666.666666666,0.001278287037037037,1.6755864197530863e-06
7783333.333333332,0.001279837962962963,1.682785493827161e-06
7800000.0,0.001281388888888889,1.6900000000000003e-06
7816666.666666666,0.0012829398148148149,1.6972299382716047e-06
7833333.333333332,0.001284490740740741,1.7044753086419753e-06
7850000.0,0.0012860416666666669,1.7117361111111113e-06
7866666.666666666,0.0012875925925925926,1.7190123456790127e-06
7883333.333333332,0.0012891435185185185,1.726304012345679e-06
7900000.0,0.0012906944444444446,1.733611111111111e-06
7916666.666666666,0.0012922453703703705,1.7409336419753086e-06
7933333.333333332,0.0012937962962962966,1.7482716049382717e-06
7950000.0,0.0012953472222222225,1.755625e-06
7966666.666666666,0.0012968981481481482,1.762993827160494e-06
7983333.333333332,0.001298449074074074,1.7703780864197533e-06
8000000.0,0.0013000000000000002,1.7777777777777782e-06
8016666.666666666,0.001301550925925926,1.7851929012345676e-06
8033333.333333332,0.001303101851851852,1.7926234567901237e-06
8050000.000000001,0.0013046527777777778,1.8000694444444446e-06
8066666.666666666,0.0013062037037037035,1.8075308641975304e-06
8083333.333333332,0.0013077546296296296,1.8150077160493827e-06
8100000.000000001,0.0013093055555555555,1.8225000000000008e-06
8116666.666666666,0.0013108564814814814,1.8300077160493827e-06
8133333.333333334,0.0013124074074074073,1.8375308641975312e-06
8149999.999999999,0.0013139583333333332,1.8450694444444444e-06
8166666.666666668,0.001315509259259259,1.8526234567901242e-06
8183333.333333334,0.0013170601851851852,1.860192901234568e-06
8199999.999999999,0.0013186111111111113,1.867777777777777e-06
8216666.666666668,0.0013201620370370372,1.8753780864197529e-06
8233333.333333334,0.0013217129629629633,1.8829938271604943e-06
8250000.0,0.0013232638888888886,1.890625e-06
8266666.666666668,0.0013248148148148151,1.8982716049382717e-06
8283333.333333334,0.0013263657407407408,1.9059336419753087e-06
8300000.0,0.0013279166666666667,1.913611111111111e-06
8316666.666666668,0.0013294675925925928,1.921304012345679e-06
8333333.333333334,0.0013310185185185187,1.9290123456790132e-06
8350000.0,0.0013325694444444446,1.936736111111111e-06
8366666.666666668,0.0013341203703703705,1.944475308641976e-06
8383333.333333334,0.0013356712962962964,1.9522299382716054e-06
8400000.0,0.0013372222222222225,1.96e-06
8416666.666666666,0.0013387731481481484,1.96778549382716e-06
8433333.333333334,0.001340324074074074,1.975586419753087e-06
8450000.0,0.001341875,1.9834027777777776e-06
8466666.666666666,0.001343425925925926,1.991234567901235e-06
8483333.333333334,0.001344976851851852,1.999081790123457e-06
8500000.0,0.0013465277777777779,2.0069444444444438e-06
8516666.666666666,0.0013480787037037038,2.0148225308641984e-06
8533333.333333334,0.0013496296296296294,2.0227160493827164e-06
8550000.0,0.0013511805555555556,2.030625e-06
8566666.666666666,0.0013527314814814814,2.0385493827160497e-06
8583333.333333332,0.0013542824074074071,2.046489197530864e-06
8600000.0,0.0013558333333333337,2.0544444444444446e-06
8616666.666666666,0.0013573842592592596,2.0624151234567903e-06
8633333.333333332,0.0013589351851851852,2.070401234567901e-06
8650000.0,0.0013604861111111114,2.0784027777777784e-06
8666666.666666666,0.0013620370370370373,2.0864197530864203e-06
8683333.333333332,0.0013635879629629631,2.094452160493827e-06
8700000.0,0.001365138888888889,2.1025e-06
8716666.666666668,0.0013666898148148152,2.1105632716049387e-06
8733333.333333332,0.0013682407407407408,2.1186419753086413e-06
8750000.0,0.0013697916666666667,2.126736111111111e-06
8766666.666666668,0.0013713425925925926,2.134845679012346e-06
8783333.333333332,0.0013728935185185185,2.1429706790123456e-06
8800000.0,0.0013744444444444446,2.151111111111111e-06
8816666.666666668,0.0013759953703703707,2.1592669753086427e-06
8833333.333333334,0.0013775462962962962,2.167438271604938e-06
8850000.0,0.0013790972222222225,2.175625e-06
8866666.666666668,0.0013806481481481482,2.1838271604938274e-06
8883333.333333334,0.0013821990740740743,2.19204475308642e-06
8900000.0,0.0013837500000000002,2.2002777777777784e-06
8916666.666666668,0.001385300925925926,2.2085262345679006e-06
8933333.333333334,0.0013868518518518518,2.21679012345679e-06
8950000.0,0.001388402777777778,2.2250694444444443e-06
8966666.666666666,0.001389953703703704,2.233364197530864e-06
8983333.333333334,0.0013915046296296295,2.241674382716049e-06
9000000.0,0.0013930555555555556,2.2500000000000005e-06
9016666.666666666,0.0013946064814814813,2.258341049382716e-06
9033333.333333334,0.0013961574074074074,2.2666975308641976e-06
9050000.0,0.0013977083333333337,2.2750694444444443e-06
9066666.666666666,0.0013992592592592596,2.2834567901234563e-06
9083333.333333334,0.001400810185185185,2.2918595679012346e-06
9100000.0,0.0014023611111111116,2.3002777777777782e-06
9116666.666666666,0.0014039120370370368,2.308711419753086e-06
9133333.333333334,0.0014054629629629632,2.3171604938271605e-06
9150000.0,0.001407013888888889,2.3256250000000003e-06
9166666.666666666,0.0014085648148148147,2.3341049382716047e-06
9183333.333333334,0.001410115740740741,2.3426003086419752e-06
9200000.0,0.0014116666666666663,2.3511111111111112e-06
9216666.666666666,0.0014132175925925929,2.3596373456790118e-06
9233333.333333334,0.0014147685185185185,2.368179012345679e-06
9250000.0,0.0014163194444444447,2.3767361111111115e-06
9266666.666666666,0.0014178703703703706,2.3853086419753086e-06
9283333.333333334,0.0014194212962962964,2.3938966049382716e-06
9300000.0,0.0014209722222222226,2.4025000000000007e-06
9316666.666666666,0.0014225231481481482,2.4111188271604944e-06
9333333.333333334,0.0014240740740740741,2.419753086419753e-06
9350000.0,0.0014256250000000002,2.428402777777779e-06
9366666.666666666,0.001427175925925926,2.437067901234568e-06
9383333.333333334,0.001428726851851852,2.445748456790124e-06
9400000.0,0.0014302777777777775,2.4544444444444446e-06
9416666.666666666,0.0014318287037037036,2.46315586419753e-06
9433333.333333334,0.0014333796296296295,2.4718827160493833e-06
9450000.0,0.0014349305555555554,2.480625e-06
9466666.666666666,0.0014364814814814815,2.4893827160493823e-06
9483333.333333334,0.0014380324074074074,2.498155864197531e-06
9500000.0,0.0014395833333333333,2.506944444444444e-06
9516666.666666666,0.0014411342592592592,2.5157484567901237e-06
9533333.333333334,0.001442685185185185,2.524567901234568e-06
9550000.0,0.001444236111111111,2.5334027777777782e-06
9566666.666666666,0.0014457870370370373,2.542253086419753e-06
9583333.333333334,0.001447337962962963,2.5511188271604943e-06
9600000.0,0.001448888888888889,2.56e-06
9616666.666666666,0.001450439814814815,2.568896604938271e-06
9633333.333333334,0.0014519907407407409,2.577808641975309e-06
9650000.0,0.0014535416666666668,2.586736111111111e-06
9666666.666666666,0.0014550925925925927,2.5956790123456797e-06
9683333.333333334,0.0014566435185185186,2.6046373456790132e-06
9700000.0,0.0014581944444444445,2.6136111111111113e-06
9716666.666666666,0.0014597453703703706,2.622600308641976e-06
9733333.333333334,0.0014612962962962965,2.6316049382716048e-06
9750000.0,0.0014628472222222224,2.640625e-06
9766666.666666666,0.0014643981481481485,2.649660493827161e-06
9783333.333333334,0.0014659490740740742,2.658711419753086e-06
9800000.0,0.0014674999999999998,2.6677777777777773e-06
9816666.666666666,0.0014690509259259262,2.6768595679012347e-06
9833333.333333332,0.0014706018518518518,2.685956790123457e-06
9850000.0,0.0014721527777777784,2.695069444444444e-06
9866666.666666666,0.0014737037037037034,2.7041975308641985e-06
9883333.333333332,0.0014752546296296295,2.713341049382716e-06
9900000.0,0.0014768055555555554,2.7225e-06
9916666.666666666,0.0014783564814814815,2.731674382716049e-06
9933333.333333332,0.0014799074074074072,2.740864197530864e-06
9950000.0,0.0014814583333333335,2.7500694444444452e-06
9966666.666666668,0.0014830092592592592,2.7592901234567903e-06
9983333.333333332,0.0014845601851851851,2.7685262345679008e-06
10000000.0,0.0014861111111111112,2.7777777777777783e-06
10016666.666666668,0.0014876620370370373,2.78704475308642e-06
10033333.333333334,0.0014892129629629632,2.7963271604938283e-06
10049999.999999998,0.0014907638888888887,2.8056249999999995e-06
10066666.666666666,0.0014923148148148148,2.814938271604938e-06
10083333.333333334,0.001493865740740741,2.8242669753086427e-06
10100000.0,0.001495416666666667,2.8336111111111117e-06
10116666.666666668,0.0014969675925925927,2.842970679012346e-06
10133333.333333334,0.0014985185185185188,2.8523456790123463e-06
10149999.999999998,0.0015000694444444445,2.8617361111111107e-06
10166666.666666666,0.0015016203703703706,2.8711419753086417e-06
10183333.333333334,0.001503171296296296,2.880563271604938e-06
10200000.0,0.0015047222222222224,2.89e-06
10216666.666666668,0.0015062731481481485,2.8994521604938274e-06
10233333.333333334,0.0015078240740740744,2.90891975308642e-06
10250000.0,0.001509375,2.9184027777777784e-06
10266666.666666666,0.001510925925925926,2.9279012345679013e-06
10283333.333333334,0.0015124768518518519,2.93741512345679e-06
10300000.0,0.0015140277777777778,2.946944444444444e-06
10316666.666666668,0.0015155787037037039,2.9564891975308644e-06
10333333.333333334,0.0015171296296296298,2.9660493827160493e-06
10350000.0,0.0015186805555555555,2.975625e-06
10366666.666666666,0.0015202314814814813,2.9852160493827165e-06
10383333.333333334,0.0015217824074074075,2.9948225308641975e-06
10400000.0,0.0015233333333333336,3.0044444444444452e-06
10416666.666666668,0.0015248842592592595,3.014081790123457e-06
10433333.333333332,0.001526435185185185,3.0237345679012347e-06
10450000.0,0.001527986111111111,3.0334027777777777e-06
10466666.666666666,0.001529537037037037,3.043086419753086e-06
10483333.333333334,0.0015310879629629633,3.0527854938271607e-06
10500000.0,0.0015326388888888892,3.0625e-06
10516666.666666668,0.001534189814814815,3.072229938271605e-06
10533333.333333332,0.0015357407407407405,3.081975308641975e-06
10550000.0,0.0015372916666666664,3.091736111111111e-06
10566666.666666666,0.0015388425925925927,3.1015123456790118e-06
10583333.333333334,0.0015403935185185186,3.1113040123456787e-06
10600000.0,0.0015419444444444445,3.121111111111112e-06
10616666.666666668,0.0015434953703703704,3.130933641975309e-06
10633333.333333332,0.0015450462962962965,3.140771604938272e-06
10650000.0,0.0015465972222222222,3.150625e-06
10666666.666666666,0.001548148148148148,3.160493827160494e-06
10683333.333333334,0.001549699074074074,3.170378086419753e-06
10700000.0,0.0015512500000000005,3.1802777777777783e-06
10716666.666666668,0.001552800925925926,3.1901929012345688e-06
10733333.333333332,0.0015543518518518515,3.200123456790123e-06
10750000.0,0.0015559027777777778,3.210069444444444e-06
10766666.666666666,0.001557453703703704,3.2200308641975317e-06
10783333.333333334,0.0015590046296296296,3.2300077160493833e-06
10800000.0,0.0015605555555555555,3.2400000000000007e-06
10816666.666666668,0.0015621064814814818,3.250007716049383e-06
10833333.333333332,0.0015636574074074075,3.260030864197531e-06
10850000.0,0.0015652083333333332,3.270069444444444e-06
10866666.666666666,0.0015667592592592595,3.280123456790124e-06
10883333.333333334,0.0015683101851851856,3.290192901234568e-06
10900000.0,0.0015698611111111113,3.3002777777777784e-06
10916666.666666666,0.0015714120370370367,3.3103780864197527e-06
10933333.333333332,0.0015729629629629626,3.3204938271604936e-06
10950000.0,0.001574513888888889,3.330625000000001e-06
10966666.666666666,0.0015760648148148149,3.3407716049382717e-06
10983333.333333334,0.0015776157407407412,3.350933641975309e-06
11000000.0,0.0015791666666666669,3.3611111111111117e-06
11016666.666666666,0.0015807175925925925,3.3713040123456788e-06
11033333.333333332,0.0015822685185185187,3.381512345679012e-06
11050000.0,0.0015838194444444446,3.391736111111111e-06
11066666.666666666,0.0015853703703703702,3.401975308641976e-06
11083333.333333334,0.0015869212962962966,3.412229938271605e-06
11100000.000000002,0.0015884722222222225,3.4225000000000007e-06
11116666.666666666,0.0015900231481481484,3.43278549382716e-06
11133333.333333332,0.001591574074074074,3.443086419753086e-06
11150000.0,0.001593125,3.453402777777778e-06
11166666.666666666,0.001594675925925926,3.463734567901235e-06
11183333.333333334,0.001596226851851852,3.4740817901234573e-06
11200000.000000002,0.0015977777777777778,3.484444444444445e-06
11216666.666666666,0.0015993287037037035,3.494822530864197e-06
11233333.333333332,0.0016008796296296294,3.505216049382716e-06
11250000.0,0.0016024305555555555,3.5156250000000008e-06
11266666.666666668,0.0016039814814814814,3.52604938271605e-06
11283333.333333336,0.0016055324074074075,3.536489197530865e-06
11299999.999999998,0.0016070833333333332,3.5469444444444434e-06
11316666.666666664,0.001608634259259259,3.5574151234567896e-06
11333333.333333336,0.0016101851851851852,3.5679012345679006e-06
11350000.0,0.0016117361111111109,3.578402777777778e-06
11366666.666666668,0.0016132870370370374,3.5889197530864203e-06
11383333.333333336,0.0016148379629629633,3.599452160493828e-06
11399999.999999998,0.0016163888888888892,3.61e-06
11416666.666666664,0.0016179398148148149,3.6205632716049378e-06
11433333.333333336,0.0016194907407407408,3.6311419753086416e-06
11450000.0,0.001621041666666667,3.641736111111112e-06
11466666.666666668,0.0016225925925925928,3.652345679012346e-06
11483333.333333336,0.0016241435185185187,3.662970679012346e-06
11500000.0,0.0016256944444444448,3.6736111111111113e-06
11516666.666666664,0.0016272453703703705,3.6842669753086416e-06
11533333.333333336,0.0016287962962962966,3.694938271604938e-06
11550000.0,0.0016303472222222225,3.705625e-06
11566666.666666668,0.0016318981481481482,3.716327160493828e-06
11583333.333333336,0.0016334490740740745,3.7270447530864195e-06
11600000.0,0.0016350000000000002,3.737777777777778e-06
11616666.666666664,0.0016365509259259258,3.7485262345679016e-06
11633333.333333336,0.001638101851851852,3.759290123456791e-06
11650000.0,0.0016396527777777779,3.770069444444445e-06
11666666.666666668,0.0016412037037037035,3.780864197530865e-06
11683333.333333332,0.0016427546296296294,3.7916743827160483e-06
11700000.0,0.0016443055555555553,3.8025e-06
11716666.666666664,0.0016458564814814814,3.8133410493827163e-06
11733333.333333336,0.0016474074074074073,3.824197530864198e-06
11750000.0,0.0016489583333333337,3.8350694444444454e-06
11766666.666666668,0.0016505092592592596,3.845956790123456e-06
11783333.333333332,0.0016520601851851854,3.856859567901234e-06
11800000.0,0.001653611111111111,3.867777777777778e-06
11816666.666666664,0.001655162037037037,3.878711419753086e-06
11833333.333333336,0.0016567129629629633,3.8896604938271615e-06
11850000.0,0.001658263888888889,3.9006250000000005e-06
11866666.666666668,0.0016598148148148154,3.911604938271605e-06
11883333.333333332,0.001661365740740741,3.922600308641975e-06
11900000.0,0.0016629166666666667,3.933611111111111e-06
11916666.666666664,0.0016644675925925926,3.944637345679013e-06
11933333.333333336,0.0016660185185185187,3.955679012345679e-06
11950000.0,0.0016675694444444446,3.966736111111111e-06
11966666.666666668,0.0016691203703703707,3.977808641975309e-06
11983333.333333332,0.0016706712962962962,3.988896604938271e-06
12000000.0,0.0016722222222222225,4e-06
12016666.666666664,0.0016737731481481482,4.0111188271604935e-06
12033333.333333336,0.0016753240740740745,4.022253086419753e-06
12050000.0,0.0016768750000000002,4.033402777777778e-06
12066666.666666668,0.0016784259259259259,4.0445679012345685e-06
12083333.333333332,0.0016799768518518516,4.055748456790123e-06
12100000.0,0.0016815277777777779,4.066944444444443e-06
12116666.666666664,0.0016830787037037038,4.078155864197531e-06
12133333.333333336,0.00168462962962963,4.089382716049383e-06
12150000.0,0.0016861805555555556,4.100625e-06
12166666.666666664,0.0016877314814814815,4.111882716049382e-06
12183333.333333332,0.0016892824074074074,4.12315586419753e-06
12200000.0,0.0016908333333333333,4.134444444444445e-06
12216666.666666664,0.0016923842592592596,4.145748456790123e-06
12233333.333333336,0.0016939351851851853,4.157067901234569e-06
12250000.0,0.0016954861111111116,4.168402777777779e-06
12266666.666666664,0.0016970370370370368,4.179753086419754e-06
12283333.333333332,0.0016985879629629634,4.1911188271604935e-06
12300000.0,0.0017001388888888886,4.2025e-06
12316666.666666664,0.001701689814814815,4.213896604938272e-06
12333333.333333336,0.001703240740740741,4.225308641975309e-06
12350000.000000002,0.001704791666666667,4.236736111111112e-06
12366666.666666664,0.0017063425925925926,4.248179012345678e-06
12383333.333333332,0.0017078935185185187,4.259637345679011e-06
12400000.0,0.0017094444444444446,4.271111111111111e-06
12416666.666666664,0.0017109953703703705,4.282600308641977e-06
12433333.333333336,0.0017125462962962964,4.2941049382716045e-06
12450000.000000002,0.001714097222222222,4.305625000000002e-06
12466666.666666664,0.0017156481481481482,4.3171604938271595e-06
12483333.333333332,0.0017171990740740741,4.328711419753087e-06
12500000.0,0.00171875,4.340277777777778e-06
12516666.666666668,0.001720300925925926,4.351859567901236e-06
12533333.333333336,0.0017218518518518524,4.3634567901234576e-06
12549999.999999998,0.0017234027777777775,4.375069444444444e-06
12566666.666666664,0.0017249537037037036,4.386697530864196e-06
12583333.333333336,0.0017265046296296295,4.398341049382717e-06
12600000.0,0.0017280555555555556,4.41e-06
12616666.666666668,0.0017296064814814815,4.42167438271605e-06
12633333.333333336,0.0017311574074074078,4.433364197530865e-06
12649999.999999998,0.0017327083333333333,4.445069444444444e-06
12666666.666666664,0.0017342592592592596,4.456790123456791e-06
12683333.333333336,0.001735810185185185,4.468526234567901e-06
12700000.0,0.0017373611111111114,4.480277777777778e-06
12716666.666666668,0.0017389120370370373,4.49204475308642e-06
12733333.333333336,0.0017404629629629632,4.503827160493828e-06
12750000.0,0.0017420138888888884,4.515625e-06
12766666.666666664,0.001743564814814815,4.527438271604938e-06
12783333.333333336,0.0017451157407407409,4.539266975308642e-06
12800000.0,0.0017466666666666668,4.551111111111113e-06
12816666.666666668,0.0017482175925925929,4.562970679012346e-06
12833333.333333336,0.0017497685185185186,4.5748456790123455e-06
12850000.0,0.0017513194444444445,4.586736111111111e-06
12866666.666666664,0.0017528703703703706,4.598641975308642e-06
12883333.333333336,0.0017544212962962967,4.610563271604938e-06
12900000.0,0.0017559722222222224,4.622500000000002e-06
12916666.666666668,0.0017575231481481485,4.634452160493828e-06
12933333.333333332,0.001759074074074074,4.6464197530864195e-06
12950000.0,0.001760625,4.658402777777777e-06
12966666.666666664,0.0017621759259259255,4.670401234567902e-06
12983333.333333336,0.001763726851851852,4.682415123456791e-06
13000000.0,0.0017652777777777782,4.694444444444445e-06
13016666.666666668,0.0017668287037037038,4.706489197530865e-06
13033333.333333332,0.0017683796296296297,4.718549382716048e-06
13050000.0,0.0017699305555555554,4.7306249999999984e-06
13066666.666666664,0.0017714814814814817,4.742716049382716e-06
13083333.333333336,0.0017730324074074074,4.754822530864197e-06
13100000.0,0.0017745833333333335,4.766944444444445e-06
13116666.666666668,0.0017761342592592594,4.7790817901234575e-06
13133333.333333332,0.001777685185185185,4.7912345679012326e-06
13150000.0,0.0017792361111111114,4.803402777777778e-06
13166666.666666664,0.001780787037037037,4.815586419753086e-06
13183333.333333336,0.001782337962962963,4.827785493827161e-06
13200000.0,0.0017838888888888891,4.84e-06
13216666.666666668,0.0017854398148148152,4.852229938271605e-06
13233333.333333332,0.0017869907407407411,4.864475308641974e-06
13250000.0,0.0017885416666666664,4.876736111111112e-06
13266666.666666664,0.001790092592592593,4.889012345679013e-06
13283333.333333336,0.0017916435185185188,4.901304012345679e-06
13300000.0,0.001793194444444445,4.913611111111112e-06
13316666.666666668,0.0017947453703703704,4.925933641975309e-06
13333333.333333332,0.0017962962962962965,4.9382716049382725e-06
13350000.0,0.0017978472222222226,4.9506250000000006e-06
13366666.666666664,0.0017993981481481485,4.9629938271604944e-06
13383333.333333336,0.0018009490740740742,4.975378086419754e-06
13400000.0,0.0018025000000000003,4.987777777777779e-06
13416666.666666664,0.0018040509259259262,5.000192901234567e-06
13433333.333333332,0.0018056018518518519,5.012623456790123e-06
13450000.0,0.0018071527777777773,5.025069444444443e-06
13466666.666666664,0.0018087037037037039,5.037530864197531e-06
13483333.333333336,0.00181025462962963,5.050007716049382e-06
13500000.0,0.0018118055555555559,5.0625e-06
13516666.666666664,0.0018133564814814813,5.075007716049383e-06
13533333.333333332,0.0018149074074074074,5.087530864197531e-06
13550000.0,0.0018164583333333336,5.100069444444445e-06
13566666.666666664,0.0018180092592592594,5.112623456790124e-06
13583333.333333336,0.0018195601851851851,5.125192901234569e-06
13600000.000000002,0.0018211111111111112,5.137777777777779e-06
13616666.666666664,0.0018226620370370367,5.150378086419752e-06
13633333.333333332,0.0018242129629629628,5.162993827160493e-06
13650000.0,0.0018257638888888887,5.175625e-06
13666666.666666664,0.0018273148148148148,5.188271604938272e-06
13683333.333333336,0.001828865740740741,5.200933641975309e-06
13700000.000000002,0.0018304166666666673,5.213611111111113e-06
13716666.666666664,0.0018319675925925925,5.226304012345678e-06
13733333.333333332,0.0018335185185185184,5.2390123456790125e-06
13750000.0,0.0018350694444444445,5.2517361111111115e-06
13766666.666666668,0.0018366203703703706,5.264475308641976e-06
13783333.333333336,0.0018381712962962965,5.2772299382716045e-06
13799999.999999998,0.0018397222222222226,5.2899999999999985e-06
13816666.666666664,0.001841273148148148,5.30278549382716e-06
13833333.333333336,0.0018428240740740746,5.315586419753086e-06
13850000.0,0.001844375,5.328402777777779e-06
13866666.666666668,0.0018459259259259266,5.341234567901236e-06
13883333.333333336,0.0018474768518518519,5.354081790123458e-06
13899999.999999998,0.0018490277777777784,5.366944444444443e-06
13916666.666666664,0.0018505787037037039,5.379822530864197e-06
13933333.333333336,0.0018521296296296298,5.392716049382717e-06
13950000.0,0.001853680555555556,5.405625e-06
13966666.666666668,0.0018552314814814816,5.41854938271605e-06
13983333.333333336,0.001856782407407408,5.4314891975308644e-06
14000000.0,0.0018583333333333331,5.444444444444444e-06
14016666.666666664,0.0018598842592592595,5.457415123456788e-06
14033333.333333336,0.0018614351851851852,5.470401234567902e-06
14050000.0,0.0018629861111111113,5.483402777777778e-06
14066666.666666668,0.0018645370370370367,5.4964197530864215e-06
14083333.333333336,0.0018660879629629637,5.5094521604938274e-06
14100000.0,0.0018676388888888887,5.5225e-06
14116666.666666664,0.0018691898148148148,5.535563271604938e-06
14133333.333333336,0.0018707407407407405,5.548641975308642e-06
14150000.0,0.0018722916666666673,5.561736111111112e-06
14166666.666666668,0.001873842592592593,5.574845679012346e-06
14183333.333333332,0.0018753935185185186,5.587970679012345e-06
14200000.0,0.0018769444444444445,5.601111111111112e-06
14216666.666666664,0.0018784953703703702,5.614266975308641e-06
14233333.333333336,0.0018800462962962965,5.6274382716049375e-06
14250000.0,0.0018815972222222227,5.640625000000002e-06
14266666.666666668,0.0018831481481481483,5.653827160493829e-06
14283333.333333332,0.0018846990740740747,5.6670447530864195e-06
14300000.0,0.00188625,5.680277777777778e-06
14316666.666666664,0.0018878009259259262,5.6935262345679024e-06
14333333.333333336,0.001889351851851852,5.706790123456791e-06
14350000.0,0.0018909027777777774,5.720069444444445e-06
14366666.666666668,0.001892453703703704,5.733364197530865e-06
14383333.333333332,0.0018940046296296296,5.74667438271605e-06
14400000.0,0.0018955555555555555,5.76e-06
14416666.666666664,0.0018971064814814816,5.773341049382717e-06
14433333.333333336,0.0018986574074074077,5.786697530864197e-06
14450000.0,0.0019002083333333332,5.8000694444444436e-06
14466666.666666668,0.0019017592592592593,5.813456790123457e-06
14483333.333333332,0.0019033101851851852,5.8268595679012325e-06
14500000.0,0.0019048611111111113,5.840277777777779e-06
14516666.666666664,0.0019064120370370372,5.853711419753086e-06
14533333.333333336,0.0019079629629629637,5.867160493827162e-06
14550000.0,0.0019095138888888888,5.880625000000002e-06
14566666.666666668,0.0019110648148148149,5.894104938271606e-06
14583333.333333332,0.0019126157407407406,5.9076003086419746e-06
14600000.0,0.0019141666666666669,5.921111111111111e-06
14616666.666666664,0.0019157175925925926,5.934637345679012e-06
14633333.333333336,0.0019172685185185187,5.94817901234568e-06
14650000.0,0.001918819444444445,5.961736111111112e-06
14666666.666666664,0.0019203703703703702,5.975308641975307e-06
14683333.333333332,0.0019219212962962966,5.988896604938273e-06
14700000.0,0.0019234722222222227,6.0025e-06
14716666.666666664,0.0019250231481481484,6.016118827160495e-06
14733333.333333336,0.0019265740740740738,6.029753086419754e-06
14750000.0,0.0019281250000000004,6.0434027777777785e-06
14766666.666666664,0.0019296759259259254,6.0570679012345675e-06
14783333.333333332,0.001931226851851852,6.070748456790122e-06
14800000.0,0.0019327777777777774,6.084444444444445e-06
14816666.666666664,0.001934328703703704,6.098155864197531e-06
14833333.333333336,0.0019358796296296296,6.111882716049383e-06
14850000.000000002,0.0019374305555555555,6.125625000000002e-06
14866666.666666664,0.0019389814814814808,6.139382716049383e-06
14883333.333333332,0.0019405324074074075,6.15315586419753e-06
14900000.0,0.0019420833333333332,6.166944444444443e-06
14916666.666666664,0.0019436342592592593,6.180748456790124e-06
14933333.333333336,0.0019451851851851856,6.194567901234569e-06
14950000.000000002,0.0019467361111111109,6.208402777777779e-06
14966666.666666664,0.0019482870370370368,6.222253086419752e-06
14983333.333333332,0.001949837962962963,6.2361188271604925e-06
15000000.0,0.0019513888888888886,6.25e-06
15016666.666666668,0.001952939814814815,6.263896604938273e-06
15033333.333333336,0.001954490740740741,6.27780864197531e-06
15049999.999999998,0.0019560416666666667,6.29173611111111e-06
15066666.666666664,0.001957592592592593,6.3056790123456785e-06
15083333.333333336,0.0019591435185185185,6.319637345679011e-06
15100000.0,0.001960694444444445,6.333611111111111e-06
15116666.666666668,0.0019622453703703703,6.347600308641976e-06
15133333.333333336,0.0019637962962962964,6.361604938271606e-06
15149999.999999998,0.001965347222222222,6.375625000000001e-06
15166666.666666664,0.001966898148148149,6.38966049382716e-06
15183333.333333336,0.001968449074074074,6.403711419753086e-06
15200000.0,0.00197,6.417777777777778e-06
15216666.666666668,0.001971550925925926,6.431859567901235e-06
15233333.333333336,0.0019731018518518518,6.4459567901234575e-06
15250000.0,0.0019746527777777774,6.460069444444443e-06
15266666.666666664,0.001976203703703704,6.474197530864197e-06
15283333.333333336,0.00197775462962963,6.488341049382717e-06
15300000.0,0.0019793055555555558,6.5025e-06
15316666.666666668,0.001980856481481482,6.51667438271605e-06
15333333.333333336,0.001982407407407408,6.530864197530864e-06
15350000.0,0.0019839583333333337,6.545069444444443e-06
15366666.666666664,0.001985509259259259,6.55929012345679e-06
15383333.333333336,0.001987060185185185,6.573526234567902e-06
15400000.0,0.001988611111111111,6.587777777777778e-06
15416666.666666668,0.001990162037037037,6.60204475308642e-06
15433333.333333332,0.001991712962962963,6.616327160493828e-06
15450000.0,0.001993263888888889,6.630625e-06
15466666.666666664,0.0019948148148148147,6.6449382716049375e-06
15483333.333333336,0.001996365740740741,6.659266975308643e-06
15500000.0,0.0019979166666666674,6.673611111111112e-06
15516666.666666668,0.0019994675925925926,6.687970679012346e-06
15533333.333333332,0.0020010185185185183,6.702345679012345e-06
15550000.0,0.002002569444444445,6.71673611111111e-06
15566666.666666664,0.002004120370370371,6.731141975308643e-06
15583333.333333336,0.002005671296296296,6.745563271604939e-06
15600000.0,0.0020072222222222227,6.760000000000001e-06
15616666.666666668,0.002008773148148148,6.774452160493829e-06
15633333.333333332,0.0020103240740740745,6.788919753086419e-06
15650000.0,0.002011875,6.803402777777778e-06
15666666.666666664,0.0020134259259259268,6.817901234567901e-06
15683333.333333336,0.002014976851851852,6.832415123456791e-06
15700000.0,0.002016527777777778,6.846944444444445e-06
15716666.666666668,0.002018078703703704,6.861489197530864e-06
15733333.333333332,0.00201962962962963,6.876049382716049e-06
15750000.0,0.002021180555555555,6.890625e-06
15766666.666666664,0.0020227314814814817,6.905216049382716e-06
15783333.333333336,0.0020242824074074074,6.919822530864197e-06
15800000.0,0.002025833333333333,6.934444444444446e-06
15816666.666666668,0.00202738425925926,6.949081790123457e-06
15833333.333333332,0.0020289351851851853,6.963734567901234e-06
15850000.0,0.002030486111111111,6.978402777777777e-06
15866666.666666664,0.002032037037037037,6.993086419753087e-06
15883333.333333336,0.0020335879629629627,7.0077854938271606e-06
15900000.0,0.002035138888888889,7.0225e-06
15916666.666666664,0.0020366898148148145,7.037229938271604e-06
15933333.333333332,0.002038240740740741,7.051975308641974e-06
15950000.0,0.002039791666666667,7.066736111111111e-06
15966666.666666664,0.0020413425925925924,7.081512345679013e-06
15983333.333333336,0.0020428935185185185,7.096304012345679e-06
16000000.0,0.0020444444444444442,7.111111111111113e-06
16016666.666666664,0.0020459953703703708,7.125933641975308e-06
16033333.333333332,0.0020475462962962964,7.1407716049382705e-06
16050000.0,0.0020490972222222226,7.1556250000000015e-06
16066666.666666664,0.0020506481481481482,7.170493827160493e-06
16083333.333333336,0.0020521990740740748,7.1853780864197524e-06
16100000.000000002,0.0020537500000000005,7.2002777777777775e-06
16116666.666666664,0.002055300925925926,7.215192901234566e-06
16133333.333333332,0.0020568518518518514,7.230123456790122e-06
16150000.0,0.002058402777777778,7.245069444444444e-06
16166666.666666664,0.002059953703703704,7.260030864197531e-06
16183333.333333336,0.0020615046296296297,7.275007716049382e-06
16200000.000000002,0.002063055555555556,7.290000000000003e-06
16216666.666666664,0.002064606481481481,7.305007716049382e-06
16233333.333333332,0.0020661574074074076,7.320030864197531e-06
16250000.0,0.0020677083333333333,7.335069444444444e-06
16266666.666666668,0.0020692592592592594,7.350123456790125e-06
16283333.333333336,0.002070810185185185,7.365192901234569e-06
16299999.999999998,0.002072361111111112,7.3802777777777775e-06
16316666.666666664,0.0020739120370370373,7.395378086419752e-06
16333333.333333336,0.002075462962962964,7.4104938271604935e-06
16350000.0,0.0020770138888888887,7.425625e-06
16366666.666666668,0.0020785648148148148,7.440771604938272e-06
16383333.333333336,0.0020801157407407413,7.45593364197531e-06
16399999.999999998,0.002081666666666667,7.47111111111111e-06
16416666.666666664,0.0020832175925925922,7.486304012345677e-06
16433333.333333336,0.0020847685185185192,7.5015123456790116e-06
16450000.0,0.002086319444444445,7.516736111111112e-06
16466666.666666668,0.00208787037037037,7.531975308641977e-06
16483333.333333336,0.0020894212962962967,7.5472299382716065e-06
16500000.0,0.002090972222222223,7.5625e-06
16516666.666666664,0.0020925231481481485,7.577785493827161e-06
16533333.333333336,0.0020940740740740737,7.593086419753087e-06
16550000.0,0.0020956250000000003,7.608402777777779e-06
16566666.666666668,0.0020971759259259264,7.623734567901235e-06
16583333.333333336,0.002098726851851852,7.639081790123457e-06
16600000.0,0.0021002777777777773,7.654444444444443e-06
16616666.666666664,0.002101828703703704,7.669822530864197e-06
16633333.333333336,0.002103379629629629,7.685216049382716e-06
16650000.0,0.002104930555555556,7.700625e-06
16666666.666666668,0.0021064814814814813,7.716049382716051e-06
16683333.333333332,0.002108032407407408,7.731489197530864e-06
16700000.0,0.002109583333333333,7.746944444444444e-06
16716666.666666664,0.00211113425925926,7.76241512345679e-06
16733333.333333336,0.0021126851851851853,7.777901234567904e-06
16750000.0,0.002114236111111111,7.793402777777778e-06
16766666.666666668,0.002115787037037037,7.808919753086423e-06
16783333.333333332,0.0021173379629629632,7.824452160493826e-06
16800000.0,0.0021188888888888885,7.84e-06
16816666.666666668,0.002120439814814815,7.855563271604938e-06
16833333.333333332,0.002121990740740741,7.871141975308642e-06
16850000.0,0.0021235416666666672,7.886736111111113e-06
16866666.666666668,0.002125092592592593,7.902345679012348e-06
16883333.333333332,0.002126643518518518,7.917970679012345e-06
16900000.0,0.0021281944444444447,7.93361111111111e-06
16916666.666666668,0.0021297453703703704,7.949266975308642e-06
16933333.333333332,0.0021312962962962965,7.96493827160494e-06
16950000.0,0.0021328472222222217,7.980625000000001e-06
16966666.666666668,0.0021343981481481483,7.996327160493828e-06
16983333.333333332,0.002135949074074074,8.012044753086418e-06
17000000.0,0.0021375,8.027777777777777e-06
17016666.666666668,0.0021390509259259253,8.043526234567904e-06
17033333.333333332,0.002140601851851852,8.059290123456794e-06
17050000.0,0.0021421527777777784,8.075069444444444e-06
17066666.666666668,0.002143703703703704,8.090864197530867e-06
17083333.333333332,0.0021452546296296298,8.106674382716049e-06
17100000.0,0.0021468055555555554,8.122499999999999e-06
17116666.666666668,0.0021483564814814816,8.138341049382716e-06
17133333.333333332,0.0021499074074074072,8.154197530864199e-06
17150000.0,0.0021514583333333338,8.170069444444444e-06
17166666.666666664,0.0021530092592592595,8.185956790123454e-06
17183333.333333332,0.0021545601851851856,8.201859567901233e-06
17200000.0,0.0021561111111111112,8.217777777777777e-06
17216666.666666668,0.002157662037037037,8.233711419753086e-06
17233333.333333332,0.002159212962962963,8.249660493827161e-06
17250000.0,0.002160763888888889,8.265625000000001e-06
17266666.666666664,0.002162314814814815,8.281604938271604e-06
17283333.333333332,0.002163865740740741,8.297600308641975e-06
17300000.0,0.0021654166666666666,8.313611111111113e-06
17316666.666666668,0.0021669675925925927,8.329637345679013e-06
17333333.333333332,0.0021685185185185193,8.345679012345681e-06
17350000.0,0.0021700694444444445,8.36173611111111e-06
17366666.666666664,0.0021716203703703698,8.377808641975308e-06
17383333.333333332,0.0021731712962962963,8.393896604938271e-06
17400000.0,0.002174722222222223,8.41e-06
17416666.666666668,0.002176273148148148,8.426118827160494e-06
17433333.333333336,0.0021778240740740746,8.442253086419753e-06
17450000.0,0.0021793750000000003,8.458402777777779e-06
17466666.666666664,0.0021809259259259264,8.474567901234567e-06
17483333.333333332,0.002182476851851852,8.490748456790123e-06
17500000.0,0.0021840277777777782,8.506944444444444e-06
17516666.666666668,0.0021855787037037035,8.523155864197531e-06
17533333.333333336,0.00218712962962963,8.539382716049384e-06
17550000.0,0.0021886805555555557,8.555625e-06
17566666.666666664,0.0021902314814814822,8.571882716049382e-06
17583333.333333332,0.0021917824074074075,8.58815586419753e-06
17600000.0,0.0021933333333333336,8.604444444444444e-06
17616666.666666668,0.0021948842592592593,8.620748456790123e-06
17633333.333333336,0.002196435185185185,8.637067901234569e-06
17650000.0,0.002197986111111111,8.653402777777776e-06
17666666.666666668,0.002199537037037037,8.669753086419752e-06
17683333.333333332,0.002201087962962963,8.686118827160493e-06
17700000.0,0.002202638888888889,8.7025e-06
17716666.666666668,0.0022041898148148146,8.718896604938272e-06
17733333.333333336,0.0022057407407407408,8.73530864197531e-06
17750000.0,0.0022072916666666664,8.75173611111111e-06
17766666.666666668,0.0022088425925925925,8.768179012345679e-06
17783333.333333332,0.0022103935185185187,8.784637345679013e-06
17800000.0,0.0022119444444444443,8.801111111111113e-06
17816666.666666668,0.0022134953703703713,8.817600308641977e-06
17833333.333333336,0.002215046296296297,8.834104938271603e-06
17850000.0,0.0022165972222222227,8.850625e-06
17866666.666666668,0.002218148148148148,8.86716049382716e-06
17883333.333333332,0.002219699074074074,8.883711419753087e-06
17900000.0,0.00222125,8.900277777777777e-06
17916666.666666668,0.0022228009259259267,8.916859567901234e-06
17933333.333333332,0.0022243518518518515,8.933456790123456e-06
17950000.0,0.002225902777777778,8.950069444444445e-06
17966666.666666668,0.0022274537037037037,8.966697530864197e-06
17983333.333333332,0.0022290046296296303,8.983341049382718e-06
18000000.0,0.002230555555555556,9.000000000000004e-06
18016666.666666668,0.0022321064814814816,9.01667438271605e-06
18033333.33333333,0.002233657407407407,9.033364197530864e-06
18050000.0,0.002235208333333333,9.050069444444444e-06
18066666.666666668,0.00223675925925926,9.06679012345679e-06
18083333.33333333,0.002238310185185185,9.083526234567904e-06
18100000.0,0.0022398611111111113,9.100277777777775e-06
18116666.666666668,0.002241412037037037,9.11704475308642e-06
18133333.33333333,0.002242962962962963,9.133827160493824e-06
18150000.0,0.0022445138888888888,9.150625e-06
18166666.666666668,0.002246064814814815,9.167438271604938e-06
18183333.33333333,0.002247615740740741,9.184266975308645e-06
18200000.0,0.002249166666666667,9.201111111111113e-06
18216666.666666668,0.002250717592592593,9.217970679012346e-06
18233333.33333333,0.0022522685185185193,9.234845679012346e-06
18250000.0,0.002253819444444444,9.251736111111112e-06
18266666.666666668,0.0022553703703703703,9.268641975308642e-06
18283333.33333333,0.0022569212962962964,9.285563271604938e-06
18300000.0,0.0022584722222222225,9.3025e-06
18316666.666666668,0.002260023148148149,9.319452160493827e-06
18333333.33333333,0.0022615740740740747,9.33641975308642e-06
18350000.0,0.0022631250000000004,9.353402777777776e-06
18366666.666666668,0.002264675925925926,9.3704012345679e-06
18383333.33333333,0.002266226851851852,9.38741512345679e-06
18400000.0,0.0022677777777777783,9.404444444444445e-06
18416666.666666664,0.002269328703703705,9.421489197530864e-06
18433333.33333333,0.0022708796296296288,9.438549382716047e-06
18450000.0,0.0022724305555555557,9.455625e-06
18466666.666666668,0.002273981481481481,9.472716049382716e-06
18483333.33333333,0.0022755324074074075,9.489822530864197e-06
18500000.0,0.0022770833333333328,9.506944444444446e-06
18516666.666666664,0.0022786342592592593,9.524081790123455e-06
18533333.33333333,0.002280185185185185,9.541234567901236e-06
18550000.0,0.002281736111111111,9.558402777777775e-06
18566666.666666668,0.0022832870370370372,9.575586419753086e-06
18583333.33333333,0.0022848379629629638,9.592785493827162e-06
18600000.0,0.002286388888888889,9.610000000000003e-06
18616666.666666664,0.0022879398148148147,9.627229938271604e-06
18633333.33333333,0.002289490740740741,9.644475308641978e-06
18650000.0,0.0022910416666666665,9.661736111111113e-06
18666666.666666668,0.002292592592592593,9.679012345679012e-06
18683333.333333336,0.002294143518518519,9.69630401234568e-06
18700000.0,0.002295694444444445,9.713611111111115e-06
18716666.666666664,0.0022972453703703705,9.730933641975307e-06
18733333.33333333,0.002298796296296297,9.748271604938271e-06
18750000.0,0.0023003472222222227,9.765625e-06
18766666.666666668,0.0023018981481481484,9.782993827160494e-06
18783333.333333336,0.0023034490740740736,9.800378086419756e-06
18800000.0,0.002305000000000001,9.817777777777777e-06
18816666.666666664,0.002306550925925925,9.835192901234567e-06
18833333.33333333,0.0023081018518518524,9.852623456790122e-06
18850000.0,0.0023096527777777772,9.870069444444444e-06
18866666.666666668,0.0023112037037037038,9.887530864197533e-06
18883333.333333336,0.00231275462962963,9.905007716049383e-06
18900000.0,0.002314305555555556,9.9225e-06
18916666.666666668,0.002315856481481481,9.940007716049382e-06
18933333.33333333,0.0023174074074074073,9.957530864197527e-06
18950000.0,0.002318958333333334,9.975069444444446e-06
18966666.666666668,0.00232050925925926,9.992623456790124e-06
18983333.333333336,0.0023220601851851857,1.001019290123457e-05
19000000.0,0.0023236111111111114,1.0027777777777776e-05
19016666.666666668,0.002325162037037037,1.0045378086419753e-05
19033333.33333333,0.0023267129629629627,1.0062993827160491e-05
19050000.0,0.0023282638888888893,1.0080625e-05
19066666.666666668,0.002329814814814815,1.0098271604938271e-05
19083333.333333336,0.002331365740740741,1.011593364197531e-05
19100000.0,0.002332916666666667,1.0133611111111113e-05
19116666.666666668,0.002334467592592593,1.0151304012345678e-05
19133333.33333333,0.0023360185185185185,1.0169012345679013e-05
19150000.0,0.002337569444444445,1.0186736111111113e-05
19166666.666666668,0.002339120370370371,1.0204475308641977e-05
19183333.33333333,0.002340671296296297,1.0222229938271604e-05
19200000.0,0.0023422222222222217,1.024e-05
19216666.666666668,0.002343773148148148,1.025778549382716e-05
19233333.33333333,0.0023453240740740748,1.0275586419753085e-05
19250000.0,0.002346875,1.029340277777778e-05
19266666.666666668,0.002348425925925926,1.0311234567901236e-05
19283333.33333333,0.002349976851851852,1.0329081790123455e-05
19300000.0,0.0023515277777777783,1.0346944444444445e-05
19316666.666666668,0.002353078703703704,1.0364822530864196e-05
19333333.33333333,0.00235462962962963,1.0382716049382716e-05
19350000.0,0.002356180555555556,1.0400625000000003e-05
19366666.666666668,0.002357731481481482,1.0418549382716053e-05
19383333.33333333,0.002359282407407408,1.0436489197530862e-05
19400000.0,0.002360833333333333,1.0454444444444445e-05
19416666.666666668,0.002362384259259259,1.0472415123456793e-05
19433333.33333333,0.002363935185185185,1.0490401234567904e-05
19450000.0,0.0023654861111111107,1.0508402777777776e-05
19466666.666666668,0.0023670370370370373,1.0526419753086419e-05
19483333.33333333,0.002368587962962963,1.0544452160493828e-05
19500000.0,0.002370138888888889,1.05625e-05
19516666.666666668,0.0023716898148148148,1.0580563271604938e-05
19533333.33333333,0.002373240740740741,1.0598641975308644e-05
19550000.0,0.002374791666666667,1.0616736111111114e-05
19566666.666666668,0.002376342592592593,1.0634845679012346e-05
19583333.33333333,0.002377893518518518,1.0652970679012345e-05
19600000.0,0.0023794444444444444,1.0671111111111109e-05
19616666.666666668,0.00238099537037037,1.068926697530864e-05
19633333.33333333,0.0023825462962962962,1.0707438271604939e-05
19650000.0,0.0023840972222222228,1.0725625e-05
19666666.666666664,0.002385648148148148,1.0743827160493828e-05
19683333.33333333,0.0023871990740740746,1.0762044753086419e-05
19700000.0,0.00238875,1.0780277777777776e-05
19716666.666666668,0.0023903009259259264,1.0798526234567904e-05
19733333.33333333,0.002391851851851852,1.0816790123456794e-05
19750000.0,0.002393402777777778,1.0835069444444446e-05
19766666.666666664,0.002394953703703704,1.0853364197530863e-05
19783333.33333333,0.002396504629629629,1.087167438271605e-05
19800000.0,0.002398055555555555,1.089e-05
19816666.666666668,0.002399606481481481,1.0908341049382716e-05
19833333.33333333,0.002401157407407408,1.0926697530864196e-05
19850000.0,0.0024027083333333327,1.0945069444444447e-05
19866666.666666664,0.002404259259259259,1.0963456790123455e-05
19883333.33333333,0.0024058101851851853,1.0981859567901234e-05
19900000.0,0.0024073611111111114,1.1000277777777781e-05
19916666.666666668,0.002408912037037037,1.1018711419753086e-05
19933333.333333336,0.0024104629629629628,1.1037160493827161e-05
19950000.0,0.002412013888888889,1.1055625e-05
19966666.666666664,0.0024135648148148154,1.1074104938271603e-05
19983333.33333333,0.002415115740740741,1.1092600308641977e-05
